1.000000000 0.000000000 -0.000000000 0.000000000 0.000000000 1.000000000 0.000000000 0.000000000 0.000000000 0.000000000 1.000000000 -0.000000000 
0.999997537 -0.001930419 -0.001095477 -0.004460456 0.001933485 0.999994198 0.002804666 -0.018183396 0.001090056 -0.002806777 0.999995467 1.505978337 
0.999994988 -0.002174464 -0.002301047 0.000542015 0.002183555 0.999989792 0.003955641 -0.053007731 0.002292422 -0.003960645 0.999989529 3.032401530 
0.999992424 -0.000810060 -0.003807416 -0.012752149 0.000824340 0.999992627 0.003750439 -0.069845498 0.003804349 -0.003753549 0.999985719 4.535731273 
0.999982509 -0.001113375 -0.005808752 -0.025194138 0.001135471 0.999992128 0.003801968 -0.086668156 0.005804473 -0.003808497 0.999975901 6.029729991 
0.999976622 -0.000667291 -0.006805145 -0.055404125 0.000693818 0.999992168 0.003896421 -0.093875930 0.006802492 -0.003901052 0.999969253 7.536317640 
0.999958674 -0.001226706 -0.009008077 -0.065389764 0.001268348 0.999988530 0.004618464 -0.119688408 0.009002308 -0.004629698 0.999948761 9.012339919 
0.999929004 -0.003581098 -0.011364970 -0.075420080 0.003623660 0.999986491 0.003726626 -0.130494398 0.011351471 -0.003767544 0.999928472 10.537818076 
0.999904814 -0.004291733 -0.013112742 -0.093331422 0.004340188 0.999983850 0.003669073 -0.150013796 0.013096784 -0.003725635 0.999907293 12.037093673 
0.999893697 -0.003713610 -0.014099769 -0.136400431 0.003766383 0.999985995 0.003718070 -0.168988707 0.014085764 -0.003770780 0.999893681 13.517815098 
0.999892330 -0.002540390 -0.014452523 -0.178857915 0.002592917 0.999990097 0.003616886 -0.183280297 0.014443192 -0.003653970 0.999889015 14.999340654 
0.999896420 -0.001294331 -0.014334375 -0.221577495 0.001348669 0.999991940 0.003781681 -0.202260640 0.014329365 -0.003800621 0.999890106 16.481863825 
0.999883156 0.000678858 -0.015271351 -0.252770073 -0.000606486 0.999988567 0.004743237 -0.219644207 0.015274396 -0.004733421 0.999872136 17.976462465 
0.999866542 0.001247171 -0.016289339 -0.279277840 -0.001147401 0.999980536 0.006132777 -0.238849018 0.016296670 -0.006113269 0.999848512 19.483323595 
0.999860054 0.001281733 -0.016680203 -0.313505751 -0.001181875 0.999981331 0.005995079 -0.247585514 0.016687575 -0.005974526 0.999842903 20.967708282 
0.999852046 0.002339197 -0.017041529 -0.356467005 -0.002238536 0.999979951 0.005923466 -0.261239628 0.017055044 -0.005884442 0.999837236 22.426220712 
0.999846601 0.003815180 -0.017094415 -0.389490480 -0.003706956 0.999972916 0.006358166 -0.270820466 0.017118209 -0.006293823 0.999833664 23.890927553 
0.999842775 0.004750809 -0.017083772 -0.429783711 -0.004618717 0.999959200 0.007763153 -0.284695671 0.017119956 -0.007683027 0.999823924 25.326399567 
0.999838794 0.004487386 -0.017385305 -0.444633147 -0.004368921 0.999967021 0.006846081 -0.303502810 0.017415452 -0.006769023 0.999825426 26.765403426 
0.999827993 0.004500709 -0.017992447 -0.460379422 -0.004413523 0.999978341 0.004882459 -0.321684823 0.018014032 -0.004802209 0.999826202 28.175457000 
0.999841409 0.002918687 -0.017568112 -0.498162616 -0.002836922 0.999985037 0.004677274 -0.335608441 0.017581500 -0.004626693 0.999834729 29.590701349 
0.999850007 0.002176335 -0.017182145 -0.532766836 -0.002050107 0.999970808 0.007360672 -0.351160974 0.017197662 -0.007324343 0.999825282 31.019948787 
0.999850113 0.000497954 -0.017306159 -0.561526583 -0.000350311 0.999963530 0.008533220 -0.360790635 0.017309777 -0.008525878 0.999813823 32.462417500 
0.999855756 -0.000486517 -0.016977343 -0.588653039 0.000628749 0.999964745 0.008373423 -0.377267613 0.016972671 -0.008382890 0.999820812 33.837317761 
0.999863600 -0.000207303 -0.016514795 -0.618621880 0.000318291 0.999977382 0.006718217 -0.392818020 0.016513029 -0.006722557 0.999841051 35.216855070 
0.999877302 0.000406177 -0.015659360 -0.660505873 -0.000315108 0.999983028 0.005817631 -0.399184795 0.015661457 -0.005811982 0.999860460 36.586904971 
0.999887174 0.001061599 -0.014983746 -0.684409998 -0.000990091 0.999988090 0.004778973 -0.410054983 0.014988641 -0.004763599 0.999876317 37.960158440 
0.999907856 0.001229411 -0.013519153 -0.715725353 -0.001148845 0.999981546 0.005965515 -0.431588487 0.013526238 -0.005949434 0.999890817 39.303917552 
0.999926799 0.001755270 -0.011971424 -0.746737799 -0.001658686 0.999966037 0.008073070 -0.446181886 0.011985188 -0.008052622 0.999895750 40.644670697 
0.999948370 0.000842114 -0.010126570 -0.770172714 -0.000745910 0.999954594 0.009500163 -0.469417209 0.010134110 -0.009492119 0.999903595 41.946996687 
0.999964917 0.001418124 -0.008255528 -0.782003100 -0.001334259 0.999947544 0.010155272 -0.476878690 0.008269496 -0.010143900 0.999914355 43.243543100 
0.999987044 0.000940151 -0.005002710 -0.792087714 -0.000892664 0.999954609 0.009485985 -0.487014463 0.005011402 -0.009481396 0.999942493 44.508368072 
0.999999127 0.000695232 -0.001124105 -0.805405811 -0.000686418 0.999969169 0.007822442 -0.499901565 0.001129509 -0.007821663 0.999968772 45.758036137 
0.999997193 -0.000237951 0.002357398 -0.805754097 0.000223950 0.999982345 0.005937937 -0.507677027 -0.002358769 -0.005937392 0.999979592 47.049396482 
0.999978596 0.000390947 0.006531120 -0.801283200 -0.000433926 0.999978255 0.006580443 -0.520419317 -0.006528406 -0.006583136 0.999957020 48.287127777 
0.999931026 0.000596620 0.011729720 -0.795160003 -0.000672706 0.999978754 0.006483723 -0.535107336 -0.011725603 -0.006491167 0.999910183 49.497193382 
0.999835725 0.002222602 0.017988436 -0.781101168 -0.002321423 0.999982320 0.005474590 -0.546540823 -0.017975951 -0.005515450 0.999823207 50.689140021 
0.999668182 0.003847462 0.025470057 -0.765892887 -0.003992118 0.999976177 0.005631078 -0.562042862 -0.025447785 -0.005730889 0.999659726 51.889595028 
0.999418701 0.004077780 0.033847195 -0.728615294 -0.004313000 0.999967036 0.006879377 -0.578700039 -0.033818027 -0.007021361 0.999403343 53.074915788 
0.999006440 0.006572542 0.044078723 -0.678451274 -0.006918202 0.999946470 0.007693918 -0.590664962 -0.044025795 -0.007991219 0.998998433 54.258479659 
0.998307816 0.009291838 0.057403536 -0.643962338 -0.009735271 0.999924858 0.007450024 -0.600613268 -0.057329999 -0.007996256 0.998323260 55.389939925 
0.997303754 0.011311215 0.072507089 -0.584116114 -0.011929005 0.999896096 0.008093021 -0.618473302 -0.072408013 -0.008936138 0.997335062 56.514349116 
0.995941591 0.013719184 0.088950158 -0.502074089 -0.014604561 0.999850000 0.009310422 -0.627344125 -0.088809084 -0.010571714 0.995992563 57.634910808 
0.994179262 0.013571374 0.106880365 -0.400092594 -0.014753603 0.999838331 0.010278279 -0.641599765 -0.106723595 -0.011795322 0.994218761 58.743174192 
0.991995613 0.013349089 0.125564749 -0.267273820 -0.014647381 0.999848328 0.009422017 -0.645736958 -0.125419929 -0.011185794 0.992040684 59.822106892 
0.989228608 0.012602021 0.145835351 -0.118976033 -0.013920357 0.999870920 0.008022886 -0.649449016 -0.145715422 -0.009966549 0.989276343 60.906670312 
0.985911273 0.009830264 0.166980021 0.055839042 -0.011313451 0.999904528 0.007933483 -0.660142564 -0.166886091 -0.009710830 0.985928361 62.001842968 
0.982042110 0.004582996 0.188606180 0.251721581 -0.006575031 0.999929004 0.009937566 -0.665865485 -0.188547246 -0.010999200 0.982002522 63.048772776 
0.977336406 -0.001031756 0.211689597 0.472402209 -0.001443001 0.999932421 0.011535677 -0.678245792 -0.211687193 -0.011579705 0.977268869 64.060801074 
0.971876163 -0.006008057 0.235415860 0.726746736 0.003548968 0.999934643 0.010868030 -0.682132812 -0.235465770 -0.009726896 0.971833967 65.079135308 
0.965346215 -0.011658530 0.260712031 1.004631469 0.009586614 0.999911564 0.009217441 -0.685971950 -0.260796437 -0.006398676 0.965372610 66.089321066 
0.957843091 -0.014940314 0.286903119 1.299539729 0.012654751 0.999871713 0.009819107 -0.690128095 -0.287013013 -0.005774477 0.957909278 67.073663970 
0.949311167 -0.017824520 0.313832112 1.619693605 0.014741343 0.999816972 0.012194852 -0.697775819 -0.313992039 -0.006950403 0.949400174 68.034940008 
0.939683005 -0.022101234 0.341331783 1.969113387 0.018117995 0.999725517 0.014853570 -0.700006609 -0.341566376 -0.007773400 0.939825508 68.997414347 
0.928521746 -0.024147225 0.370491940 2.324233702 0.020284205 0.999691696 0.014320029 -0.699309478 -0.370723505 -0.005781324 0.928725287 69.902131769 
0.916556045 -0.023720087 0.399202171 2.717249277 0.021376669 0.999718209 0.010321806 -0.702479092 -0.399334514 -0.000926900 0.916804825 70.798256113 
0.903682759 -0.024823403 0.427482479 3.138940336 0.025078458 0.999672807 0.005034852 -0.705934414 -0.427467592 0.006170692 0.904009613 71.669534917 
0.889453937 -0.026970399 0.456228332 3.590568494 0.029040203 0.999575181 0.002474677 -0.709381489 -0.456101261 0.011047852 0.889859306 72.537201114 
0.873807222 -0.027415056 0.485499077 4.069132870 0.028359083 0.999583197 0.005403220 -0.714558333 -0.485444849 0.009046935 0.874220482 73.399683218 
0.856278077 -0.026404672 0.515839750 4.561138643 0.024070594 0.999647373 0.011213248 -0.726367775 -0.515953933 0.002814911 0.856611706 74.216720598 
0.836635319 -0.027057829 0.547091598 5.078845338 0.022554379 0.999633856 0.014948378 -0.734770726 -0.547295755 -0.000167030 0.836939262 75.011839678 
0.815417181 -0.021099449 0.578489095 5.603533706 0.018657695 0.999774247 0.010165932 -0.744655013 -0.578572995 0.002503798 0.815626765 75.774006956 
0.793474442 -0.014176035 0.608438452 6.173942822 0.015789553 0.999871679 0.002704643 -0.743217494 -0.608398718 0.007460906 0.793596456 76.524096460 
0.770898184 -0.011814499 0.636848811 6.760935293 0.014837864 0.999889740 0.000588388 -0.749351968 -0.636785543 0.008995889 0.770988486 77.241387567 
0.747432186 -0.013927709 0.664192100 7.395088364 0.015520626 0.999873419 0.003500992 -0.756545952 -0.664156786 0.007691923 0.747553742 77.958043446 
0.723290198 -0.014106764 0.690400093 8.047268464 0.015624461 0.999869683 0.004061277 -0.766059272 -0.690367413 0.007849648 0.723416352 78.627945699 
0.698285202 -0.011771233 0.715722861 8.708889817 0.015860060 0.999873750 0.000970909 -0.772085047 -0.715643930 0.010673436 0.698383736 79.261494940 
0.672153239 -0.009381483 0.740352626 9.383358693 0.016100239 0.999868487 -0.001947152 -0.773600341 -0.740236993 0.013228639 0.672215886 79.865690104 
0.645151263 -0.006672918 0.764025733 10.079259693 0.014299192 0.999892178 -0.003341436 -0.778191792 -0.763921057 0.013080682 0.645177119 80.450597690 
0.617397159 -0.005498196 0.786632390 10.804023311 0.014415785 0.999886731 -0.004325644 -0.797715134 -0.786519506 0.014010564 0.617406488 81.015881431 
0.588784487 0.001618578 0.808288444 11.550556545 0.012892320 0.999851979 -0.011393379 -0.800734026 -0.808187241 0.017128958 0.588676467 81.559095248 
0.559043344 0.010530222 0.829071562 12.304398935 0.011910365 0.999714190 -0.020728756 -0.826013412 -0.829052883 0.021462819 0.558758145 82.062742697 
0.528472563 0.019258599 0.848731911 13.083758005 0.010566879 0.999515990 -0.029259632 -0.848729263 -0.848884616 0.024431360 0.528013274 82.545715217 
0.496390603 0.024111712 0.867764366 13.890136540 0.008716467 0.999425363 -0.032756160 -0.868048714 -0.868055524 0.023823690 0.495895190 83.035289732 
0.463872976 0.023586529 0.885587680 14.707748312 0.006922693 0.999518480 -0.030247058 -0.909355221 -0.885874674 0.020161445 0.463486329 83.469799748 
0.431007313 0.022343898 0.902071752 15.562684916 0.002146569 0.999665159 -0.025786865 -0.945427297 -0.902345881 0.013050686 0.430815031 83.884110369 
0.396710772 0.023354695 0.917646512 16.416543650 -0.001995250 0.999695867 -0.024580332 -0.983474565 -0.917941492 0.007920348 0.396636717 84.258071991 
0.362005706 0.026800382 0.931790539 17.307148154 -0.009309562 0.999640715 -0.025135090 -1.007707337 -0.932129391 0.000424484 0.362125143 84.603410287 
0.326949500 0.028625880 0.944608164 18.210401670 -0.014020426 0.999578055 -0.025438940 -1.036612954 -0.944937803 -0.004926560 0.327212893 84.908272103 
0.290951881 0.028446302 0.956314703 19.129821106 -0.017263412 0.999551248 -0.024480137 -1.063199731 -0.956581924 -0.009386712 0.291312396 85.191374152 
0.255057143 0.027951574 0.966521890 20.057610096 -0.017758802 0.999548899 -0.024220306 -1.094736107 -0.966762886 -0.010986709 0.255438473 85.437390924 
0.218890794 0.027432830 0.975363655 20.998237754 -0.016871563 0.999561675 -0.024327107 -1.126660112 -0.975603491 -0.011130930 0.219257683 85.652169193 
0.184105083 0.026009451 0.982562378 21.959941188 -0.014861388 0.999609215 -0.023676084 -1.160125680 -0.982794209 -0.010243353 0.184419674 85.819990114 
0.150202281 0.024805518 0.988344050 22.929489262 -0.005988198 0.999689681 -0.024180223 -1.195802939 -0.988637151 -0.002286475 0.150304211 85.942288907 
0.116848269 0.028119017 0.992751632 23.891539018 -0.002860582 0.999604490 -0.027976425 -1.226595467 -0.993145659 0.000429150 0.116882491 86.045244673 
0.084249212 0.033909774 0.995867560 24.865650367 -0.002262069 0.999424719 -0.033839529 -1.250793818 -0.996442147 0.000598233 0.084277452 86.122716306 
0.055278066 0.037506322 0.997766311 25.861223478 0.003124417 0.999282843 -0.037736427 -1.296669956 -0.998466110 0.005203435 0.055121238 86.159549852 
0.031566237 0.035761975 0.998861679 26.894828457 0.009848861 0.999300050 -0.036088916 -1.349732169 -0.999453137 0.010976842 0.031191927 86.138529787 
0.009872408 0.032682745 0.999417017 27.912480831 0.011688737 0.999393667 -0.032797444 -1.393246851 -0.999882948 0.012005713 0.009484403 86.127942999 
-0.009739595 0.029453575 0.999518698 28.896576589 0.011430969 0.999504074 -0.029341758 -1.443530588 -0.999887230 0.011139690 -0.010071448 86.134173266 
-0.026310290 0.032755148 0.999117045 29.897843272 0.013205774 0.999387209 -0.032416250 -1.483602098 -0.999566594 0.012341233 -0.026726725 86.103973377 
-0.041139041 0.037262957 0.998458337 30.888185209 0.015268963 0.999211070 -0.036661929 -1.520154998 -0.999036755 0.013737186 -0.041675552 86.061506654 
-0.052874606 0.042028094 0.997716350 31.890317794 0.020354570 0.998951738 -0.041001431 -1.569204489 -0.998393694 0.018140153 -0.053674643 85.997416416 
-0.061646848 0.045493368 0.997060690 32.893977997 0.025489902 0.998706628 -0.043992463 -1.620633310 -0.997772485 0.022702983 -0.062726738 85.932581381 
-0.067306253 0.051093571 0.996423261 33.905764726 0.029198998 0.998361032 -0.049220604 -1.669067587 -0.997305012 0.025781706 -0.068687821 85.848091054 
-0.070682321 0.056322232 0.995907534 34.935382175 0.030938507 0.998048104 -0.054247498 -1.716829258 -0.997018966 0.026977553 -0.072286883 85.767997790 
-0.073781257 0.060141614 0.995459347 35.926842387 0.033084191 0.997778120 -0.057829578 -1.787167998 -0.996725520 0.028667229 -0.075607060 85.704012257 
-0.075884643 0.063312292 0.995104555 36.976545369 0.033481115 0.997581162 -0.060916661 -1.846992362 -0.996554332 0.028694571 -0.077820856 85.609637837 
-0.078287961 0.066501108 0.994710308 37.982732519 0.035165424 0.997335969 -0.063908976 -1.921240019 -0.996310387 0.029976106 -0.080417939 85.529245227 
-0.080457281 0.070046285 0.994293792 38.996712592 0.036421476 0.997068162 -0.067294545 -1.998459370 -0.996092416 0.030799311 -0.082772583 85.453521020 
-0.082164800 0.071457666 0.994053695 40.019231814 0.038716429 0.996902179 -0.068462273 -2.077337927 -0.995866449 0.032861020 -0.084676853 85.356956619 
-0.084408318 0.070366631 0.993943546 41.046140441 0.038358427 0.996993465 -0.067325052 -2.151336750 -0.995692657 0.032443316 -0.086853694 85.267684492 
-0.087050961 0.069576920 0.993771192 42.068319912 0.037634742 0.997075641 -0.066511599 -2.230356776 -0.995492720 0.031610424 -0.089414903 85.188012796 
-0.089576282 0.071076254 0.993440615 43.100689799 0.038364453 0.996956382 -0.067868556 -2.307136879 -0.995240804 0.032033393 -0.092030448 85.102037722 
-0.092104879 0.072699403 0.993091883 44.102578517 0.037899821 0.996864503 -0.069460537 -2.393047843 -0.995027786 0.031240350 -0.094571379 85.020634658 
-0.094293109 0.074869761 0.992725203 45.145617826 0.036760708 0.996749917 -0.071681616 -2.477554394 -0.994865549 0.029734198 -0.096738914 84.922769701 
-0.097294583 0.078547711 0.992151209 46.165584148 0.034137119 0.996557583 -0.075548928 -2.556392894 -0.994670006 0.026518682 -0.099641047 84.831944527 
-0.099380463 0.083029115 0.991579392 47.204727981 0.030517002 0.996298182 -0.080365691 -2.640894680 -0.994581438 0.022273250 -0.101546374 84.721471438 
-0.101980183 0.085635060 0.991093678 48.250548540 0.027908258 0.996142036 -0.083199596 -2.725071137 -0.994394877 0.019174988 -0.103976672 84.619211605 
-0.104901693 0.084302214 0.990903008 49.290056924 0.025976965 0.996292848 -0.082010716 -2.814592650 -0.994143265 0.017137589 -0.106702723 84.517135069 
-0.108092590 0.079702041 0.990940753 50.335763748 0.022723298 0.996718723 -0.077688092 -2.911630957 -0.993881101 0.014119935 -0.109549002 84.419157955 
-0.110880383 0.077791454 0.990784553 51.374250570 0.022435235 0.996873747 -0.075758782 -3.001875339 -0.993580495 0.013828322 -0.112279012 84.318184054 
-0.112409458 0.078526570 0.990554234 52.418614306 0.021870094 0.996826478 -0.076541957 -3.088681154 -0.993421266 0.013059475 -0.113770108 84.194341447 
-0.113626689 0.081118068 0.990206461 53.490614518 0.024111540 0.996592924 -0.078874438 -3.180863967 -0.993230894 0.014913162 -0.115195436 84.074143568 
-0.114453480 0.083948788 0.989875246 54.551924402 0.024394155 0.996360174 -0.081678205 -3.266317273 -0.993129058 0.014798815 -0.116084749 83.955567866 
-0.114527072 0.085191608 0.989760547 55.607706008 0.022589249 0.996281898 -0.083139075 -3.355426292 -0.993163267 0.012836273 -0.116025663 83.831925487 
-0.114753333 0.083812236 0.989852101 56.653112184 0.019677413 0.996430805 -0.082088067 -3.455246805 -0.993199110 0.010057850 -0.115992964 83.730704611 
-0.114780911 0.082188120 0.989985078 57.721292391 0.016358967 0.996592835 -0.080840001 -3.561170508 -0.993256123 0.006916244 -0.115734346 83.616926189 
-0.114671985 0.083477679 0.989889798 58.803537142 0.012190978 0.996506273 -0.082623407 -3.654560092 -0.993328604 0.002593135 -0.115289027 83.502975484 
-0.114882735 0.083716693 0.989845176 59.888743678 0.008681729 0.996489121 -0.083270996 -3.751283111 -0.993341122 -0.000972832 -0.115206201 83.386076306 
-0.114998672 0.083803615 0.989824358 60.986979857 0.004013196 0.996466125 -0.083899684 -3.836405274 -0.993357539 -0.005675993 -0.114928601 83.260633514 
-0.114580228 0.078148367 0.990335400 62.079620460 0.004755141 0.996932716 -0.078118806 -3.942194394 -0.993402617 -0.004241686 -0.114600385 83.137029721 
-0.115762751 0.069321654 0.990854931 63.161008947 0.007893758 0.997594349 -0.068870916 -4.039314627 -0.993245526 -0.000151118 -0.116031475 83.033492060 
-0.115923660 0.062788775 0.991271544 64.235101789 0.013549958 0.998007034 -0.061630820 -4.133689069 -0.993165698 0.006287218 -0.116543413 82.913002593 
-0.114606318 0.065004215 0.991281919 65.340237417 0.022776485 0.997766443 -0.062796157 -4.206530472 -0.993149850 0.015381081 -0.115830906 82.766604542 
-0.113315834 0.071438902 0.990987389 66.432045233 0.027327122 0.997258460 -0.068766217 -4.271043219 -0.993183140 0.019288532 -0.114957394 82.632757819 
-0.112220576 0.077295333 0.990672486 67.540128595 0.032219803 0.996728845 -0.074118101 -4.354516236 -0.993160826 0.023601696 -0.114343925 82.499050430 
-0.111674439 0.081480244 0.990398803 68.662086093 0.033122617 0.996384328 -0.078237866 -4.443177900 -0.993192686 0.024067430 -0.113969500 82.365873300 
-0.111226963 0.078867960 0.990660592 69.777186262 0.029668941 0.996665184 -0.076014898 -4.543361875 -0.993352061 0.020936945 -0.113195970 82.250077078 
-0.111942382 0.073385640 0.991001237 70.876902522 0.028231047 0.997101703 -0.070648444 -4.652355767 -0.993313602 0.020068447 -0.113689693 82.162663257 
-0.111424302 0.071299120 0.991211915 72.011048864 0.026243474 0.997286203 -0.068785964 -4.732273274 -0.993426346 0.018348416 -0.112993056 82.033806223 
-0.111312149 0.072791072 0.991116071 73.139779563 0.024284609 0.997215307 -0.070511620 -4.800757690 -0.993488733 0.016220066 -0.112769882 81.909971610 
-0.111364800 0.077612996 0.990744217 74.278028466 0.025473474 0.996840991 -0.075227254 -4.892838936 -0.993453061 0.016860029 -0.112990070 81.780899396 
-0.110474434 0.080065371 0.990648745 75.410032797 0.024701587 0.996663177 -0.077796811 -4.984230481 -0.993571956 0.015876038 -0.112083542 81.657589695 
-0.110439832 0.079436556 0.990703223 76.541370832 0.023747576 0.996727168 -0.077272278 -5.072249863 -0.993599062 0.014992862 -0.111964807 81.539644052 
-0.111405848 0.072563007 0.991122266 77.636306924 0.024160144 0.997233641 -0.070294749 -5.173565222 -0.993481265 0.016114411 -0.112850793 81.453289895 
-0.112381560 0.070721031 0.991145257 78.777153927 0.023622580 0.997372307 -0.068486889 -5.269153981 -0.993384296 0.015716745 -0.113756869 81.336097627 
-0.110520042 0.073751469 0.991133715 79.926663814 0.021746110 0.997183635 -0.071776770 -5.353030555 -0.993635963 0.013620532 -0.111812585 81.191830235 
-0.110148726 0.076878516 0.990937411 81.089628600 0.021556084 0.996954336 -0.074949228 -5.443946371 -0.993681334 0.013105168 -0.111470450 81.065316520 
-0.110272741 0.076008608 0.990990724 82.256708385 0.021090460 0.997025941 -0.074124660 -5.543780081 -0.993677571 0.012726521 -0.111547840 80.946923524 
-0.109971354 0.073162783 0.991238371 83.455839775 0.019577809 0.997253124 -0.071434701 -5.624641818 -0.993741924 0.011550505 -0.111101643 80.814012199 
-0.108843142 0.072037468 0.991445295 84.671201394 0.020057771 0.997326838 -0.070262827 -5.714184263 -0.993856557 0.012238555 -0.109997097 80.680422036 
-0.107947031 0.072788069 0.991488444 85.876093112 0.021672417 0.997251402 -0.070851589 -5.803902799 -0.993920392 0.013839732 -0.109227821 80.556201916 
-0.106145577 0.073109532 0.991659273 87.101182497 0.023838649 0.997193842 -0.070965915 -5.890406116 -0.994064804 0.016107099 -0.107590548 80.406588332 
-0.106544055 0.072358421 0.991671631 88.296105778 0.023951119 0.997245930 -0.070191876 -5.982930649 -0.994019471 0.016273118 -0.107983690 80.308802355 
-0.104444128 0.073557053 0.991806828 89.493181244 0.025269717 0.997135402 -0.071291169 -6.058283474 -0.994209669 0.017616734 -0.106003703 80.176621793 
-0.102883082 0.072251214 0.992065942 90.701433189 0.024610232 0.997238054 -0.070075668 -6.143528154 -0.994388962 0.017205373 -0.104377044 80.036289733 
-0.101608348 0.070910225 0.992294051 91.920357916 0.023487857 0.997349358 -0.068866386 -6.246160239 -0.994547165 0.016309461 -0.103004550 79.921092667 
-0.100929262 0.069339195 0.992474362 93.135920483 0.025205169 0.997426361 -0.067121937 -6.357200536 -0.994574273 0.018240916 -0.102417212 79.815393452 
-0.099564890 0.070452023 0.992533801 94.347158619 0.023389137 0.997380356 -0.068449786 -6.443134364 -0.994756141 0.016399314 -0.100951877 79.704203984 
-0.098282642 0.073258022 0.992458455 95.559731842 0.023083351 0.997186273 -0.071321072 -6.531719244 -0.994890789 0.015899643 -0.099697143 79.587008293 
-0.096245583 0.072601840 0.992706281 96.788375973 0.020511410 0.997269180 -0.070946912 -6.623768031 -0.995146255 0.013533479 -0.097471920 79.461215312 
-0.096445247 0.070110540 0.992865966 98.029093386 0.018663897 0.997468098 -0.068622539 -6.732875536 -0.995163290 0.011912430 -0.097509593 79.360087348 
-0.096784347 0.071676096 0.992721173 99.269047696 0.015817931 0.997388411 -0.070470925 -6.820538052 -0.995179674 0.008882312 -0.097665354 79.256464050 
-0.097074651 0.071223394 0.992725410 100.501204811 0.012545591 0.997444520 -0.070335184 -6.913487086 -0.995198031 0.005626564 -0.097720119 79.145428411 
-0.098630127 0.069053157 0.992725420 101.739515881 0.009707628 0.997608802 -0.068428360 -7.003377688 -0.995076811 0.002887912 -0.099064625 79.042192790 
-0.099730057 0.066931310 0.992760855 103.006137372 0.008012564 0.997756704 -0.066463207 -7.107028221 -0.994982268 0.001326181 -0.100042625 78.923391687 
-0.101830673 0.066242352 0.992593807 104.268916414 0.006133925 0.997803365 -0.065960738 -7.201410532 -0.994782835 -0.000628330 -0.102013314 78.804154546 
-0.103299625 0.065663595 0.992480468 105.516361765 0.004902723 0.997840006 -0.065507902 -7.299429593 -0.994638201 -0.001901085 -0.103398429 78.688966335 
-0.105510450 0.064232706 0.992341526 106.764754535 0.005395720 0.997933965 -0.064020997 -7.392317407 -0.994403555 -0.001400488 -0.105639043 78.560280259 
-0.108498567 0.060047912 0.992281366 108.003830189 0.003137044 0.998189692 -0.060062442 -7.481029541 -0.994091656 -0.003403859 -0.108490525 78.437875088 
-0.111877531 0.059990152 0.991909572 109.284011505 0.002372489 0.998189400 -0.060102360 -7.564720511 -0.993719170 -0.004370809 -0.111817291 78.284554404 
-0.117455829 0.066315078 0.990861463 110.557764639 -0.000944427 0.997759994 -0.066888726 -7.636979386 -0.993077659 -0.008792267 -0.117130097 78.156661630 
-0.124395398 0.069535263 0.989793227 111.818563612 -0.000413751 0.997537681 -0.070131328 -7.722790270 -0.992232641 -0.009133542 -0.124060326 78.029476029 
-0.133384965 0.065915201 0.988869879 113.072613253 0.001990972 0.997801600 -0.066242009 -7.824095082 -0.991062302 -0.006866876 -0.133222967 77.885203044 
-0.143476838 0.063496268 0.987614612 114.327612332 0.004308075 0.997970236 -0.063536197 -7.919226507 -0.989644298 -0.004861254 -0.143459161 77.698016536 
-0.156920046 0.064257702 0.985518669 115.555388943 0.004484761 0.997917183 -0.064352019 -8.015174965 -0.987601127 -0.005678306 -0.156881391 77.527309135 
-0.171852296 0.064395845 0.983015749 116.778634640 0.005943614 0.997910817 -0.064332527 -8.111330966 -0.985104797 -0.005213026 -0.171876009 77.333463157 
-0.185593798 0.062706433 0.980623702 117.998151739 0.007521767 0.998023160 -0.062395473 -8.195236983 -0.982597764 -0.004204190 -0.185698572 77.098304254 
-0.201272883 0.065002532 0.977376027 119.201886129 0.011510419 0.997883767 -0.063996082 -8.277905816 -0.979467578 -0.001630668 -0.201595149 76.853957912 
-0.216244701 0.068713290 0.973918227 120.390281453 0.013163388 0.997634881 -0.067463838 -8.367742722 -0.976250457 -0.001768634 -0.216637756 76.582458190 
-0.231101788 0.072810487 0.970201318 121.559331333 0.012999591 0.997337895 -0.071750500 -8.457378171 -0.972842729 -0.003969449 -0.231433077 76.306750070 
-0.247135270 0.070732830 0.966395895 122.731202951 0.009838837 0.997463913 -0.070490698 -8.552868306 -0.968931038 -0.007912526 -0.247204443 76.018375391 
-0.263109313 0.064660678 0.962596741 123.888683366 0.003728525 0.997812188 -0.066007083 -8.653812775 -0.964758823 -0.013778012 -0.262774769 75.718955652 
-0.278834176 0.060671597 0.958420816 125.053049792 -0.000384976 0.997995180 -0.063288803 -8.744319009 -0.960339187 -0.018016051 -0.278251806 75.400323975 
-0.293229446 0.061855026 0.954039018 126.207920269 -0.002322651 0.997855785 -0.065409762 -8.835378156 -0.956039276 -0.021395968 -0.292457031 75.042742935 
-0.307891786 0.063654718 0.949289590 127.372017181 -0.002655221 0.997697985 -0.067761940 -8.928231446 -0.951417678 -0.023383918 -0.307013997 74.675068998 
-0.322449161 0.065669105 0.944306151 128.512060550 -0.001094157 0.997564155 -0.069746401 -9.025178211 -0.946586151 -0.023522887 -0.321591872 74.303634517 
-0.336138840 0.065924387 0.939502344 129.654432229 0.000450717 0.997558322 -0.069836885 -9.114658023 -0.941812336 -0.023051440 -0.335347811 73.900299795 
-0.350281195 0.063922345 0.934460817 130.795418898 0.000597637 0.997683567 -0.068023111 -9.212055192 -0.936644397 -0.023268748 -0.349507995 73.478237471 
-0.365247816 0.062177097 0.928831546 131.891534069 0.000150904 0.997770882 -0.066732638 -9.310030937 -0.930910312 -0.024233786 -0.364443019 73.067098851 
-0.380383359 0.063490197 0.922647004 132.956021331 -0.001603692 0.997593972 -0.069308690 -9.395614375 -0.924827513 -0.027843514 -0.379366328 72.641980601 
-0.394814529 0.065372823 0.916432148 134.053343954 -0.001149570 0.997429465 -0.071645944 -9.499188707 -0.918760124 -0.029340363 -0.393724494 72.172967850 
-0.409322484 0.067138815 0.909916196 135.152591951 0.000194226 0.997295289 -0.073498772 -9.594290647 -0.912389756 -0.029907971 -0.408228425 71.670519499 
-0.424414186 0.070347172 0.902731341 136.241614633 0.002800827 0.997074673 -0.076382275 -9.679904650 -0.905463834 -0.029889327 -0.423369666 71.186014802 
-0.438914237 0.073774040 0.895495217 137.334279427 0.002740823 0.996728945 -0.080770654 -9.779382909 -0.898524780 -0.032996996 -0.437680726 70.652047227 
-0.453673222 0.076614136 0.887868730 138.407722555 0.004325862 0.996475272 -0.083775407 -9.880458433 -0.891157615 -0.034165861 -0.452405570 70.105033366 
-0.469403114 0.073401683 0.879927786 139.448516927 0.002850729 0.996659571 -0.081618458 -9.988159802 -0.882979382 -0.035803523 -0.468044355 69.569408647 
-0.485535436 0.069677162 0.871435846 140.522476573 0.000613107 0.996845601 -0.079362913 -10.087961050 -0.874216772 -0.037999223 -0.484046583 68.985631013 
-0.501643482 0.069778120 0.862255665 141.579920041 0.000115543 0.996746956 -0.080594620 -10.192541823 -0.865074450 -0.040330138 -0.500019676 68.390990699 
-0.517202647 0.069224806 0.853058819 142.638552437 -0.001098735 0.996669073 -0.081544778 -10.297085963 -0.855862264 -0.043112461 -0.515403824 67.748559898 
-0.533606460 0.068262088 0.842973566 143.695041624 -0.001389359 0.996665242 -0.081587163 -10.404899570 -0.845731764 -0.044706630 -0.531732171 67.106910798 
-0.549112223 0.067090555 0.833051393 144.737968609 -0.003644520 0.996570971 -0.082662068 -10.515919137 -0.835740680 -0.048426825 -0.546984789 66.434138554 
-0.565062469 0.065712328 0.822427077 145.782208133 -0.004456412 0.996565526 -0.082687930 -10.625330592 -0.825036088 -0.050388920 -0.562828935 65.752292878 
-0.580163957 0.064020517 0.811979776 146.792223450 -0.003529112 0.996699210 -0.081106283 -10.733607175 -0.814492068 -0.049920510 -0.578023022 65.033764093 
-0.595222430 0.060484314 0.801281415 147.801069021 -0.002896679 0.996995180 -0.077409430 -10.851374142 -0.803555765 -0.048396883 -0.593258691 64.295097147 
-0.609657261 0.058915902 0.790472606 148.802014559 -0.002218119 0.997103266 -0.076027342 -10.955233033 -0.792662036 -0.048103983 -0.607760564 63.527337932 
-0.624307110 0.056686837 0.779119525 149.774528550 -0.004048834 0.997115429 -0.075792010 -11.054634436 -0.781168509 -0.050472016 -0.622276736 62.772971059 
-0.638996263 0.057493828 0.767058170 150.752695141 -0.005459728 0.996838634 -0.079264934 -11.165811119 -0.769190462 -0.054837925 -0.636662261 61.973258459 
-0.654226537 0.056926849 0.754153149 151.700131366 -0.007636090 0.996615139 -0.081853258 -11.272785819 -0.756260094 -0.059309355 -0.651577372 61.168672800 
-0.670144636 0.053844499 0.740274906 152.666619040 -0.009004949 0.996701984 -0.080647793 -11.382086042 -0.742175907 -0.060711824 -0.667449621 60.320778805 
-0.686432925 0.046551646 0.725701580 153.616323860 -0.012419742 0.997052853 -0.075705734 -11.490653095 -0.727087057 -0.060979935 -0.683831747 59.456346468 
-0.703860573 0.043731257 0.708990741 154.547667368 -0.013915388 0.997062728 -0.075314524 -11.591347089 -0.710201842 -0.062876805 -0.701184606 58.577414472 
-0.721040078 0.041184791 0.691668286 155.445040959 -0.015545389 0.997019151 -0.075572170 -11.694259281 -0.692718952 -0.065242816 -0.718250533 57.662558136 
-0.738207483 0.037746630 0.673516817 156.335463760 -0.018401608 0.996934849 -0.076041361 -11.797346052 -0.674322691 -0.068528094 -0.735250167 56.708905979 
-0.755150763 0.035182615 0.654606377 157.207367308 -0.018873504 0.996978052 -0.075356180 -11.908051835 -0.655279418 -0.069259992 -0.752204718 55.740543420 
-0.771239601 0.037917074 0.635414647 158.027999495 -0.015489863 0.996810786 -0.078283596 -12.020794984 -0.636356458 -0.070217896 -0.768192623 54.758105276 
-0.786553434 0.038203074 0.616339372 158.841632067 -0.011409430 0.997015096 -0.076359179 -12.129408750 -0.617416813 -0.067092655 -0.783769772 53.717437298 
-0.801013001 0.039611683 0.597334987 159.623884205 -0.007313185 0.997086512 -0.075927632 -12.243894970 -0.598602280 -0.065187442 -0.798389572 52.668653389 
-0.815833484 0.039228865 0.576954784 160.391809136 -0.007355207 0.996911852 -0.078183501 -12.353750301 -0.578240112 -0.068028340 -0.813025533 51.629118779 
-0.829611415 0.039965416 0.556909029 161.124617715 -0.007277615 0.996576198 -0.082358469 -12.466405460 -0.558293773 -0.072378496 -0.826480137 50.565413105 
-0.843184275 0.040248722 0.536115956 161.832343942 -0.004802388 0.996590107 -0.082371687 -12.581374845 -0.537603213 -0.072029147 -0.840115818 49.498088999 
-0.854831655 0.038817454 0.517451492 162.508306864 -0.002951939 0.996818159 -0.079654527 -12.700690651 -0.518897029 -0.069618697 -0.851997130 48.396155248 
-0.865528694 0.040302450 0.499235208 163.150823523 -0.000376012 0.996704739 -0.081114255 -12.814732877 -0.500859201 -0.070394433 -0.862661396 47.295887239 
-0.874823713 0.043216288 0.482509920 163.769484925 0.002517651 0.996405107 -0.084678942 -12.926191098 -0.484434858 -0.072864355 -0.871787620 46.159744243 
-0.883831793 0.042357702 0.465883233 164.372881432 0.002203777 0.996258253 -0.086398134 -13.044598374 -0.467799642 -0.075334715 -0.880618065 45.037243968 
-0.892019900 0.039528489 0.450264363 164.977586744 0.000689190 0.996286422 -0.086098143 -13.155114790 -0.451995601 -0.076490940 -0.888734557 43.824020192 
-0.899363303 0.037553099 0.435586288 165.553414049 -0.000114861 0.996283939 -0.086129550 -13.281814959 -0.437202055 -0.077511788 -0.896016901 42.652020515 
-0.905613110 0.035549973 0.422612227 166.101917289 -0.001257806 0.996251092 -0.086499592 -13.390916715 -0.424102950 -0.078866729 -0.902173335 41.425570291 
-0.912125377 0.032849421 0.408592965 166.650492075 -0.002339412 0.996350389 -0.085325431 -13.514886034 -0.409904651 -0.078783359 -0.908719626 40.249900099 
-0.918251896 0.027525959 0.395038956 167.180655447 -0.005435411 0.996611140 -0.082077358 -13.623832667 -0.395959483 -0.077514889 -0.914990454 39.093480771 
-0.924107480 0.023471183 0.381411154 167.743511558 -0.007536773 0.996798290 -0.079601299 -13.728611225 -0.382058322 -0.076434765 -0.920971859 37.888933650 
-0.928363107 0.022782725 0.370975592 168.230417892 -0.005561049 0.997156369 -0.075154842 -13.856052008 -0.371632906 -0.071833996 -0.925596489 36.682636616 
-0.931522801 0.027452376 0.362645333 168.697205954 -0.000926580 0.996964602 -0.077850655 -13.951407920 -0.363681746 -0.072855680 -0.928669822 35.465420391 
-0.933866076 0.032318341 0.356159622 169.163748892 0.004257928 0.996842484 -0.079290181 -14.060762880 -0.357597569 -0.072529909 -0.931054988 34.247434222 
-0.935670047 0.035968238 0.351038244 169.616879173 0.007467234 0.996587110 -0.082209318 -14.163760160 -0.352797114 -0.074299512 -0.932745292 33.027250663 
-0.937793091 0.032675591 0.345653618 170.076539692 0.004505488 0.996622994 -0.081989682 -14.268977632 -0.347165405 -0.075332019 -0.934773378 31.825816357 
-0.939591543 0.024992631 0.341384097 170.523071230 -0.001768741 0.996963086 -0.077855484 -14.391082670 -0.342293156 -0.073756174 -0.936693879 30.617482498 
-0.941479479 0.018685964 0.336551964 170.976708021 -0.007264890 0.997105383 -0.075684063 -14.505524488 -0.336992005 -0.073700006 -0.938618505 29.408842826 
-0.942651327 0.013033324 0.333524524 171.411393673 -0.013502751 0.996930312 -0.077120872 -14.609526272 -0.333505849 -0.077201591 -0.939581696 28.144022701 
-0.944149497 0.010660215 0.329344935 171.851404099 -0.016673153 0.996650810 -0.080057281 -14.721160567 -0.329095324 -0.081077260 -0.940809622 26.937115067 
-0.944916603 0.010804887 0.327132798 172.277865100 -0.017276025 0.996415422 -0.082812114 -14.831195565 -0.326854941 -0.083902096 -0.941342810 25.723894277 
-0.945170842 0.010107281 0.326419855 172.705115649 -0.018586141 0.996236119 -0.084664937 -14.944323274 -0.326046982 -0.086089715 -0.941425476 24.514772855 
-0.945129860 0.012735476 0.326446557 173.128997064 -0.016324928 0.996150471 -0.086126279 -15.069484898 -0.326286751 -0.086729734 -0.941283650 23.302978854 
-0.944859959 0.013706107 0.327187714 173.560787400 -0.015931056 0.996016904 -0.087729855 -15.188199704 -0.327086929 -0.088104873 -0.940878139 22.110264796 
-0.944436877 0.015166423 0.328342756 173.993325992 -0.015063332 0.995888287 -0.089328693 -15.313714252 -0.328347501 -0.089311248 -0.940325167 20.880199243 
-0.943617311 0.016296832 0.330636937 174.418509332 -0.014047461 0.995916593 -0.089178519 -15.434962084 -0.330740139 -0.088795004 -0.939535208 19.650552975 
-0.942658047 0.016565140 0.333348770 174.840791552 -0.014010056 0.995923362 -0.089108782 -15.562069379 -0.333465927 -0.088669345 -0.938583093 18.450792775 
-0.941005328 0.015712463 0.338026760 175.262955642 -0.015474478 0.995878326 -0.089369457 -15.685963796 -0.338037738 -0.089327923 -0.936883669 17.217552073 
-0.939107088 0.014107307 0.343334911 175.708925089 -0.016814743 0.996073358 -0.086920253 -15.813080552 -0.343212968 -0.087400513 -0.935182340 16.007159769 
-0.937363119 0.011275164 0.348171301 176.168102158 -0.019214648 0.996280979 -0.083994098 -15.933141426 -0.347823492 -0.085422959 -0.933660397 14.832891419 
-0.934836022 0.007970799 0.354990252 176.638382693 -0.022181436 0.996484501 -0.080787522 -16.057923567 -0.354386225 -0.083397279 -0.931372803 13.635654749 
-0.931430446 0.011010159 0.363752802 177.083596784 -0.019859021 0.996515100 -0.081014046 -16.164702569 -0.363377137 -0.082682723 -0.927965853 12.443476818 
-0.928694283 0.010868980 0.370686921 177.553319071 -0.020556501 0.996524803 -0.080720174 -16.275151548 -0.370276057 -0.082584390 -0.925243460 11.323407808 
-0.925428018 0.012845239 0.378705668 178.013753445 -0.020520457 0.996259755 -0.083936953 -16.356133419 -0.378367406 -0.085448822 -0.921703100 10.252000697 
-0.921364845 0.013367610 0.388468957 178.533271695 -0.020495328 0.996347440 -0.082895834 -16.480234953 -0.388158170 -0.084339106 -0.917725531 9.088758133 
-0.916802709 0.014337889 0.399082972 179.042843140 -0.021052674 0.996230221 -0.084155399 -16.593395760 -0.398785128 -0.085555662 -0.913044714 7.990579788 
-0.910413866 0.016235408 0.413379975 179.544256948 -0.020919316 0.996144636 -0.085195347 -16.706924876 -0.413169426 -0.086210652 -0.906564255 6.813932541 
-0.903726502 0.019760470 0.427653988 180.082757890 -0.018340626 0.996230012 -0.084790236 -16.825007704 -0.427717232 -0.084470626 -0.899957045 5.621815931 
-0.897826068 0.017996967 0.439982341 180.669666520 -0.020447297 0.996382891 -0.082480553 -16.939586591 -0.439875276 -0.083049641 -0.894210545 4.459298150 
-0.891268443 0.019888099 0.453039763 181.250234098 -0.020255380 0.996294758 -0.083585134 -17.046531717 -0.453023490 -0.083673284 -0.887563236 3.340893211 
-0.884775567 0.022038310 0.465495982 181.849745553 -0.018263429 0.996473991 -0.081890371 -17.171241018 -0.465659364 -0.080956152 -0.881253345 2.234256991 
-0.876660522 0.023451941 0.480537548 182.474655034 -0.016751664 0.996717669 -0.079203979 -17.306245454 -0.480817752 -0.077484805 -0.873390173 1.064941633 
-0.869170083 0.024263272 0.493917665 183.080676253 -0.015759035 0.996929269 -0.076705188 -17.409218956 -0.494262096 -0.074453520 -0.866118730 -0.005226807 
-0.860403933 0.027891368 0.508848842 183.717479847 -0.012323165 0.997070474 -0.075489135 -17.502768833 -0.509463651 -0.071221777 -0.857539647 -1.100036069 
-0.851614703 0.030916393 0.523255745 184.378370857 -0.009251091 0.997217062 -0.073976673 -17.612624267 -0.524086649 -0.067840309 -0.848958701 -2.159398993 
-0.842475403 0.033054324 0.537719821 185.041210612 -0.006873375 0.997375255 -0.072078828 -17.725415030 -0.538690961 -0.064420590 -0.840036925 -3.145604927 
-0.831137216 0.035760596 0.554916308 185.718756146 -0.002202219 0.997710473 -0.067594097 -17.860253760 -0.556063017 -0.057402017 -0.829155552 -4.181425650 
-0.819193785 0.037932318 0.572261026 186.391955569 -0.000542682 0.997758648 -0.066913277 -17.961449193 -0.573516563 -0.055125497 -0.817337098 -5.181217133 
-0.808057256 0.039649166 0.587768165 187.126507539 -0.001249341 0.997614920 -0.069013840 -18.031531133 -0.589102632 -0.056501457 -0.806080439 -6.154435306 
-0.794053138 0.044070018 0.606248669 187.823403471 0.003629004 0.997694224 -0.067772158 -18.137273415 -0.607837515 -0.051614615 -0.792382159 -7.142412631 
